# DATE: 2022-04-26 UNITS: lj Created by pair_write
# Pair potential lj/cut/bump/smooth/linear for atom types 3 4: i,r,energy,force

g1g2_eps_10
N 500 R 0.01 3

1 0.01 7.999999999992e+25 9.5999999999952e+28
2 0.0159919839679359 2.85931391808312e+23 2.14556036862468e+26
3 0.0219839679358717 6.27793772781503e+21 3.42682690212199e+24
4 0.0279759519038076 3.48073944468968e+20 1.49302777935515e+23
5 0.0339679358717435 3.39047154097405e+19 1.19776658424457e+22
6 0.0399599198396794 4.82608186954091e+18 1.44927674491677e+21
7 0.0459519038076152 9.02501377867305e+17 2.35681564592657e+20
8 0.0519438877755511 2.07336880268604e+17 4.78986593843399e+19
9 0.057935871743487 5.59396079096185e+16 1.15865229504144e+19
10 0.0639278557114229 1.71715029237042e+16 3.22329037668598e+18
11 0.0699198396793587 5.85982775348844e+15 1.00569362676468e+18
12 0.0759118236472946 2.18462453795213e+15 3.45341419876291e+17
13 0.0819038076152305 877891311505274 1.28622803198904e+17
14 0.0878957915831663 376246792373055 5.13672209796448e+16
15 0.0938877755511022 170522265664921 2.17948276733162e+16
16 0.0998797595190381 81163300539806.1 9.7513259407611e+15
17 0.105871743486974 40339322006084.1 4.57225118787622e+15
18 0.11186372745491 20836160669612.3 2.23516754438319e+15
19 0.117855711422846 11139898089423.4 1.13425946503758e+15
20 0.123847695390782 6143746195643.92 595288326794084
21 0.129839679358717 3484967195150.9 322087259701506
22 0.135831663326653 2028033071283.17 179166423233571
23 0.141823647294589 1208099356849.27 102220268231391
24 0.147815631262525 735260284303.851 59690368015411.2
25 0.153807615230461 456404770201.141 35608727757058.1
26 0.159799599198397 288519072142.091 21666247656565.2
27 0.165791583166333 185494579604.152 13426242913172.4
28 0.171783567134269 121143307207.027 8462616008115.35
29 0.177775551102204 80280833732.435 5419109682831.63
30 0.18376753507014 53932155753.9885 3521831708407.36
31 0.189759519038076 36696687073.2447 2320676862550.5
32 0.195751503006012 25269944479.1953 1549147056719.24
33 0.201743486973948 17598126286.2511 1046797781605.7
34 0.207735470941884 12385888835.717 715509190208.094
35 0.21372745490982 8804907973.08053 494386326831.624
36 0.219719438877756 6318577925.78301 345109205465.203
37 0.225711422845691 4574989456.38053 243246454568.877
38 0.231703406813627 3340671328.88809 173027916630.64
39 0.237695390781563 2459022674.36909 124154419703.035
40 0.243687374749499 1823906976.03998 89824824376.4173
41 0.249679358717435 1362677490.77999 65500452376.6455
42 0.255671342685371 1025142048.0281 48122025422.809
43 0.261663326653307 776311965.293531 35607736759.1943
44 0.267655310621243 591588765.782728 26528038920.0268
45 0.273647294589178 453538019.702872 19892757033.3419
46 0.279639278557114 349706910.290714 15010360986.2647
47 0.28563126252505 271134784.287872 11394064756.774
48 0.291623246492986 211328042.665387 8698609285.26144
49 0.297615230460922 165548901.407661 6677337485.46912
50 0.303607214428858 130318096.66384 5152808436.26989
51 0.309599198396794 103064596.308028 3996521973.375
52 0.315591182364729 81877103.2643334 3114823606.61155
53 0.321583166332665 65326564.8596824 2439034874.86545
54 0.327575150300601 52338565.7140975 1918494314.50565
55 0.333567134268537 42101004.7572746 1515617834.27391
56 0.339559118236473 33996893.947476 1202369906.29609
57 0.345551102204409 27555156.4772362 957726987.02779
58 0.351543086172345 22414400.1228694 765843271.783895
59 0.357535070140281 18296098.8753705 614716672.021299
60 0.363527054108217 14984635.2105501 495213200.353889
61 0.369519038076152 12312372.6121281 400349638.199403
62 0.375511022044088 10148435.7999361 324763371.400687
63 0.381503006012024 8390237.80148735 264318591.591214
64 0.38749498997996 6957052.06912025 215812368.553832
65 0.393486973947896 5785114.42674598 176754234.957113
66 0.399478957915832 4823874.72583793 145200146.031333
67 0.405470941883768 4033116.41185537 119626849.148485
68 0.411462925851703 3380734.11761453 98836422.6268374
69 0.417454909819639 2841012.25586 81883438.4243647
70 0.423446893787575 2393286.61313809 68019163.6462184
71 0.429438877755511 2020899.89879748 56648648.263193
72 0.435430861723447 1710383.77374699 47297598.0834628
73 0.441422845691383 1450816.02409415 39586707.561156
74 0.447414829659319 1233313.67231673 33211701.4547755
75 0.453406813627255 1050631.96779043 27927761.6268398
76 0.45939879759519 896846.127900871 23537334.4122396
77 0.465390781563126 767097.969239106 19880553.3047797
78 0.471382765531062 657393.58862884 16827691.8817204
79 0.477374749498998 564441.332717126 14273198.040862
80 0.483366733466934 485521.661269073 12130963.8978277
81 0.48935871743487 418382.334295699 10330564.306086
82 0.495350701402806 361153.765292459 8814257.01671992
83 0.501342685370741 312280.47912499 7534583.52799128
84 0.507334669338677 270465.466834341 6452445.07781938
85 0.513326653306613 234624.896558434 5535555.54866219
86 0.519318637274549 203851.162331232 4757194.19799712
87 0.525310621242485 177382.663180732 4095197.54416825
88 0.531302605210421 154579.028593918 3531142.52217854
89 0.537294589178357 134900.76220449 3049683.00987731
90 0.543286573146293 117892.478270284 2638009.64717054
91 0.549278557114228 103169.066585776 2285409.01543209
92 0.555270541082164 90404.2498067048 1982903.084299
93 0.5612625250501 79321.0996675235 1722953.65571128
94 0.567254509018036 69684.1606512639 1499219.56217613
95 0.573246492985972 61292.8955559516 1306356.7795279
96 0.579238476953908 53976.2204138172 1139853.52727446
97 0.585230460921844 47587.9389740081 995893.955809857
98 0.59122244488978 42002.9215201838 871245.240411839
99 0.597214428857715 37113.9007942376 763163.880504145
100 0.603206412825651 32828.7805317138 669317.788965474
101 0.609198396793587 29068.3706131866 587721.389511292
102 0.615190380761523 25764.4779197723 516681.451282305
103 0.621182364729459 22858.2943058052 454751.803196383
104 0.627174348697395 20299.0331925241 400695.405738604
105 0.633166332665331 18042.7745647365 353452.530074327
106 0.639158316633267 16051.4849566461 312114.015932688
107 0.645150300601202 14292.1846164372 275898.760407083
108 0.651142284569138 12736.2386623365 244134.737480831
109 0.657134268537074 11358.752864197 216242.968982708
110 0.66312625250501 10138.0578489124 191723.966846823
111 0.669118236472946 9055.26815275977 170146.248049588
112 0.675110220440882 8093.90472483544 151136.590694092
113 0.681102204408818 7239.57130117469 134371.755052087
114 0.687094188376754 6479.6765827513 119571.439096455
115 0.693086172344689 5803.19541457817 106492.275898611
116 0.699078156312625 5200.46322042753 94922.7116372205
117 0.705070140280561 4662.99883346349 84678.6290161048
118 0.711062124248497 4183.35160630576 75599.6025577787
119 0.717054108216433 3754.96930861434 67545.6902910251
120 0.723046092184369 3372.08384592561 60394.6814134812
121 0.729038076152305 3029.61227650554 54039.732097923
122 0.735030060120241 2723.07097693331 48387.3321463542
123 0.741022044088176 2448.50112321309 43355.5540269408
124 0.747014028056112 2202.40392175862 38872.5432419117
125 0.753006012024048 1981.68425136932 34875.2152063854
126 0.758997995991984 1783.60156979117 31308.1290643691
127 0.76498997995992 1605.72710203485 28122.5132909232
128 0.770981963927856 1445.90646682828 25275.4216631088
129 0.776973947895792 1302.22701619347 22729.0013384545
130 0.782965931863728 1172.98926433404 20449.8574511881
131 0.788957915831663 1056.68186846316 18408.5009007277
132 0.794949899799599 951.959698134369 16578.867928491
133 0.800941883767535 857.624592945594 14937.9017118813
134 0.806933867735471 772.608462762112 13465.1875934751
135 0.812925851703407 695.95843118884 12142.634746773
136 0.818917835671343 626.823763053188 10954.1980891023
137 0.824909819639279 564.444351096988 9885.63511401746
138 0.830901803607215 508.140566734652 8924.2930522453
139 0.83689378757515 457.304305305814 8058.922400743
140 0.842885771543086 411.391078321379 7279.51339969649
141 0.848877755511022 369.913024271799 6577.15250072348
142 0.854869739478958 332.432726060546 5943.8962675244
143 0.860861723446894 298.55773740709 5372.66049236325
144 0.86685370741483 267.935732941415 4857.12260620825
145 0.872845691382766 240.250207450946 4391.63571403638
146 0.878837675350701 215.216659066816 3971.1528055796
147 0.884829659318637 192.579199283413 3591.15988065908
148 0.890821643286573 172.107539759373 3247.61689147073
149 0.896813627254509 153.594311991966 2936.90554537515
150 0.902805611222445 136.852681312854 2655.78313400077
151 0.908797595190381 121.714221326598 2401.34166043275
152 0.914789579158317 108.027018994969 2170.97162819021
153 0.920781563126253 95.6539841379418 1962.32993552611
154 0.926773547094188 84.4713402439349 1773.31138797233
155 0.932765531062124 74.3672762153199 1602.02340242081
156 0.93875751503006 65.2407410709727 1446.76352859841
157 0.944749498997996 57.000365729096 1305.99945960892
158 0.950741482965932 49.563497838409 1178.3512431816
159 0.956733466933868 42.8553372467587 1062.57544015974
160 0.962725450901804 36.8081611215763 957.551007254389
161 0.96871743486974 31.3606289909846 862.266707755659
162 0.974709418837675 26.4571590791618 775.80987723642
163 0.980701402805611 22.0473682833547 697.356391731427
164 0.986693386773547 18.0855689989345 626.161703803317
165 0.992685370741483 14.5303167571778 561.552827637773
166 0.998677354709419 11.344003310379 502.921168124443
167 1.00466933867735 8.49249039115825 449.7161010205
168 1.01066132264529 5.9447798968326 401.439221971373
169 1.01665330661323 3.67271671366113 357.639191561529
170 1.02264529058116 1.65072080682204 317.907111846555
171 1.0286372745491 -0.144454433559432 281.872377115478
172 1.03462925851703 -1.73394027666055 249.198948069636
173 1.04062124248497 -3.13694956471609 219.582004287565
174 1.04661322645291 -4.37095460043948 192.744934865789
175 1.05260521042084 -5.45184792550044 168.436631563849
176 1.05859719438878 -6.39408770570697 146.429052708443
177 1.06458917835671 -7.21082925895164 126.515029587569
178 1.07058116232465 -7.91404410200303 108.506290144982
179 1.07657314629259 -8.51462774963039 92.2316775151241
180 1.08256513026052 -9.02249737236969 77.5355433601815
181 1.08855711422846 -9.44668030573723 64.2762981204635
182 1.09454909819639 -9.79539430234042 52.3251021985176
183 1.10054108216433 -10.0761203277691 41.5646837943484
184 1.10653306613226 -10.2956686201799 31.8882706182834
185 1.1125250501002 -10.460238661048 23.1986240511105
186 1.11851703406814 -10.5754736397252 15.4071655170537
187 1.12450901803607 -10.6465099363676 8.43318590076884
188 1.13050100200401 -10.6778695999742 1.59436814615512
189 1.13649298597194 -10.6486611483966 -11.2329095568534
190 1.14248496993988 -10.544552924988 -23.4100681293415
191 1.14847695390782 -10.3693655538738 -34.9612813399918
192 1.15446893787575 -10.1267889341942 -45.9061082021328
193 1.16046092184369 -9.82040814793389 -56.2600676410384
194 1.16645290581162 -9.45372605285003 -66.0351708546875
195 1.17244488977956 -9.0301828039334 -75.2404146610294
196 1.1784368737475 -8.55317252825638 -83.8822387481667
197 1.18442885771543 -8.02605736160696 -91.9649494099861
198 1.19042084168337 -7.45217904073699 -99.4911120542105
199 1.1964128256513 -6.83486823214799 -106.461914508707
200 1.20240480961924 -6.17745176690391 -112.87750292164
201 1.20839679358717 -5.48325794081963 -118.737291848616
202 1.21438877755511 -4.75562003037358 -124.040249942415
203 1.22038076152305 -3.99787816668323 -128.785162505915
204 1.22637274549098 -3.21337970274452 -132.970872033882
205 1.23236472945892 -2.40547820274828 -136.596497752594
206 1.23835671342685 -1.57753117655002 -139.66163506587
207 1.24434869739479 -0.732896677189136 -142.166535730267
208 1.25034068136273 0.125071125352674 -144.112269509613
209 1.25633266533066 0.993027285271098 -145.500867998212
210 1.2623246492986 1.86764223202912 -146.335451251748
211 1.26831663326653 2.74560863021158 -146.620337824041
212 1.27430861723447 3.62364885042144 -146.361138775341
213 1.2803006012024 4.49852295680598 -145.564836192766
214 1.28629258517034 5.36703711998213 -144.239846745038
215 1.29228456913828 6.22605236721775 -142.396070781003
216 1.29827655310621 7.07249358475399 -140.044927473752
217 1.30426853707415 7.90335869014848 -137.199376508962
218 1.31026052104208 8.7157278955065 -133.873926816568
219 1.31625250501002 9.5067729854685 -130.084632848592
220 1.32224448897796 10.2737665368519 -125.84907891233
221 1.32823647294589 11.0140910099216 -121.186352076629
222 1.33422845691383 11.7252476443965 -116.117004179254
223 1.34022044088176 12.4048650964949 -110.663003474868
224 1.3462124248497 13.0507077565939 -104.847676475638
225 1.35220440881764 13.6606836904237 -98.6956405494387
226 1.35819639278557 14.2328521501407 -92.2327278538761
227 1.36418837675351 14.7654306051306 -85.4859011974492
228 1.37018036072144 15.2568012459706 -78.4831624319078
229 1.37617234468938 15.7055169186407 -71.2534539919828
230 1.38216432865731 16.1103064497942 -63.8265542098917
231 1.38815631262525 16.4700793276948 -56.2329670421651
232 1.39414829659319 16.7839297072683 -48.5038068552093
233 1.40014028056112 17.0511397116193 -40.6706789234193
234 1.40613226452906 17.271182006294 -32.7655562994522
235 1.41212424849699 17.4437216265394 -24.8206537203111
236 1.41811623246493 17.5686170417913 -16.8682992150581
237 1.42410821643287 17.6459204456144 -8.94080408018267
238 1.4301002004008 17.6758772633058 -1.07033188678967
239 1.43609218436874 17.6589248733409 6.71123282020335
240 1.44208416833667 17.595690542778 14.3724154768179
241 1.44807615230461 17.486988580637 21.8822814630444
242 1.45406813627255 17.3338167170996 29.2105644390614
243 1.46006012024048 17.1373517201536 36.3277924323869
244 1.46605210420842 16.8989442649823 43.2054110687587
245 1.47204408817635 16.6201130749919 49.8159033567932
246 1.47803607214429 16.3025383568449 56.1329054558989
247 1.48402805611222 15.9480545552257 62.1313178784581
248 1.49002004008016 15.5586424562798 67.7874116008879
249 1.4960120240481 15.136420671746 73.0789285837674
250 1.50200400801603 14.6836365387099 77.985176228693
251 1.50799599198397 14.2026564726525 82.4871153287981
252 1.5139879759519 13.6959558140312 86.5674411008452
253 1.51997995991984 13.1661082110002 90.2106569193497
254 1.52597194388778 12.6157745830543 93.4031404072044
255 1.53196392785571 12.0476917123416 96.1332015726061
256 1.53795591182365 11.4646605111424 98.391132718612
257 1.54394789579158 10.8695340155389 100.16924988921
258 1.54993987975952 10.2652051566012 101.461925654251
259 1.55593186372746 9.65459436147964 102.265613074762
260 1.56192384769539 9.0406370376279 102.578860729951
261 1.56791583166333 8.42627099396982 102.402318727355
262 1.57390781563126 7.81442385317294 101.73873565802
263 1.5798997995992 7.20800050929943 100.5929464991
264 1.58589178356713 6.60987068496923 98.9718515066431
265 1.59188376753507 6.02285664179334 96.8843861814948
266 1.59787575150301 5.44972109721979 94.3414824309431
267 1.60386773547094 4.89315540008142 91.35602108784
268 1.60985971943888 4.35576801605134 87.9427759872886
269 1.61585170340681 3.84007337289967 84.1183498383961
270 1.62184368737475 3.34848111391263 79.9011021649311
271 1.62783567134269 2.88328580608907 75.3110696238209
272 1.63382765531062 2.44665714777573 70.3698790441268
273 1.63981963927856 2.04063071825308 65.1006535613126
274 1.64581162324649 1.66709930944486 59.527912252125
275 1.65180360721443 1.32780487740928 53.677463704109
276 1.65779559118236 1.02433114858754 47.5762939805639
277 1.6637875751503 0.758096912949475 41.2524494664919
278 1.66977955911824 0.530350033197353 34.734915103691
279 1.67577154308617 0.34216219608249 28.0534885435146
280 1.68176352705411 0.194424428666582 21.2386507638487
281 1.68775551102204 0.0878433990371777 14.321433712502
282 1.69374749498998 0.0229385175771065 7.33328555236221
283 1.69973947895792 3.98514070473158e-05 0.305934094317228
284 1.70573146292585 0 0
285 1.71172344689379 0 0
286 1.71771543086172 0 0
287 1.72370741482966 0 0
288 1.7296993987976 0 0
289 1.73569138276553 0 0
290 1.74168336673347 0 0
291 1.7476753507014 0 0
292 1.75366733466934 0 0
293 1.75965931863727 0 0
294 1.76565130260521 0 0
295 1.77164328657315 0 0
296 1.77763527054108 0 0
297 1.78362725450902 0 0
298 1.78961923847695 0 0
299 1.79561122244489 0 0
300 1.80160320641283 0 0
301 1.80759519038076 0 0
302 1.8135871743487 0 0
303 1.81957915831663 0 0
304 1.82557114228457 0 0
305 1.83156312625251 0 0
306 1.83755511022044 0 0
307 1.84354709418838 0 0
308 1.84953907815631 0 0
309 1.85553106212425 0 0
310 1.86152304609218 0 0
311 1.86751503006012 0 0
312 1.87350701402806 0 0
313 1.87949899799599 0 0
314 1.88549098196393 0 0
315 1.89148296593186 0 0
316 1.8974749498998 0 0
317 1.90346693386774 0 0
318 1.90945891783567 0 0
319 1.91545090180361 0 0
320 1.92144288577154 0 0
321 1.92743486973948 0 0
322 1.93342685370742 0 0
323 1.93941883767535 0 0
324 1.94541082164329 0 0
325 1.95140280561122 0 0
326 1.95739478957916 0 0
327 1.96338677354709 0 0
328 1.96937875751503 0 0
329 1.97537074148297 0 0
330 1.9813627254509 0 0
331 1.98735470941884 0 0
332 1.99334669338677 0 0
333 1.99933867735471 0 0
334 2.00533066132265 0 0
335 2.01132264529058 0 0
336 2.01731462925852 0 0
337 2.02330661322645 0 0
338 2.02929859719439 0 0
339 2.03529058116232 0 0
340 2.04128256513026 0 0
341 2.0472745490982 0 0
342 2.05326653306613 0 0
343 2.05925851703407 0 0
344 2.065250501002 0 0
345 2.07124248496994 0 0
346 2.07723446893788 0 0
347 2.08322645290581 0 0
348 2.08921843687375 0 0
349 2.09521042084168 0 0
350 2.10120240480962 0 0
351 2.10719438877755 0 0
352 2.11318637274549 0 0
353 2.11917835671343 0 0
354 2.12517034068136 0 0
355 2.1311623246493 0 0
356 2.13715430861723 0 0
357 2.14314629258517 0 0
358 2.14913827655311 0 0
359 2.15513026052104 0 0
360 2.16112224448898 0 0
361 2.16711422845691 0 0
362 2.17310621242485 0 0
363 2.17909819639279 0 0
364 2.18509018036072 0 0
365 2.19108216432866 0 0
366 2.19707414829659 0 0
367 2.20306613226453 0 0
368 2.20905811623247 0 0
369 2.2150501002004 0 0
370 2.22104208416834 0 0
371 2.22703406813627 0 0
372 2.23302605210421 0 0
373 2.23901803607214 0 0
374 2.24501002004008 0 0
375 2.25100200400802 0 0
376 2.25699398797595 0 0
377 2.26298597194389 0 0
378 2.26897795591182 0 0
379 2.27496993987976 0 0
380 2.2809619238477 0 0
381 2.28695390781563 0 0
382 2.29294589178357 0 0
383 2.2989378757515 0 0
384 2.30492985971944 0 0
385 2.31092184368737 0 0
386 2.31691382765531 0 0
387 2.32290581162325 0 0
388 2.32889779559118 0 0
389 2.33488977955912 0 0
390 2.34088176352705 0 0
391 2.34687374749499 0 0
392 2.35286573146293 0 0
393 2.35885771543086 0 0
394 2.3648496993988 0 0
395 2.37084168336673 0 0
396 2.37683366733467 0 0
397 2.38282565130261 0 0
398 2.38881763527054 0 0
399 2.39480961923848 0 0
400 2.40080160320641 0 0
401 2.40679358717435 0 0
402 2.41278557114228 0 0
403 2.41877755511022 0 0
404 2.42476953907816 0 0
405 2.43076152304609 0 0
406 2.43675350701403 0 0
407 2.44274549098196 0 0
408 2.4487374749499 0 0
409 2.45472945891784 0 0
410 2.46072144288577 0 0
411 2.46671342685371 0 0
412 2.47270541082164 0 0
413 2.47869739478958 0 0
414 2.48468937875752 0 0
415 2.49068136272545 0 0
416 2.49667334669339 0 0
417 2.50266533066132 0 0
418 2.50865731462926 0 0
419 2.51464929859719 0 0
420 2.52064128256513 0 0
421 2.52663326653307 0 0
422 2.532625250501 0 0
423 2.53861723446894 0 0
424 2.54460921843687 0 0
425 2.55060120240481 0 0
426 2.55659318637275 0 0
427 2.56258517034068 0 0
428 2.56857715430862 0 0
429 2.57456913827655 0 0
430 2.58056112224449 0 0
431 2.58655310621242 0 0
432 2.59254509018036 0 0
433 2.5985370741483 0 0
434 2.60452905811623 0 0
435 2.61052104208417 0 0
436 2.6165130260521 0 0
437 2.62250501002004 0 0
438 2.62849699398798 0 0
439 2.63448897795591 0 0
440 2.64048096192385 0 0
441 2.64647294589178 0 0
442 2.65246492985972 0 0
443 2.65845691382766 0 0
444 2.66444889779559 0 0
445 2.67044088176353 0 0
446 2.67643286573146 0 0
447 2.6824248496994 0 0
448 2.68841683366733 0 0
449 2.69440881763527 0 0
450 2.70040080160321 0 0
451 2.70639278557114 0 0
452 2.71238476953908 0 0
453 2.71837675350701 0 0
454 2.72436873747495 0 0
455 2.73036072144289 0 0
456 2.73635270541082 0 0
457 2.74234468937876 0 0
458 2.74833667334669 0 0
459 2.75432865731463 0 0
460 2.76032064128256 0 0
461 2.7663126252505 0 0
462 2.77230460921844 0 0
463 2.77829659318637 0 0
464 2.78428857715431 0 0
465 2.79028056112224 0 0
466 2.79627254509018 0 0
467 2.80226452905812 0 0
468 2.80825651302605 0 0
469 2.81424849699399 0 0
470 2.82024048096192 0 0
471 2.82623246492986 0 0
472 2.8322244488978 0 0
473 2.83821643286573 0 0
474 2.84420841683367 0 0
475 2.8502004008016 0 0
476 2.85619238476954 0 0
477 2.86218436873747 0 0
478 2.86817635270541 0 0
479 2.87416833667335 0 0
480 2.88016032064128 0 0
481 2.88615230460922 0 0
482 2.89214428857715 0 0
483 2.89813627254509 0 0
484 2.90412825651303 0 0
485 2.91012024048096 0 0
486 2.9161122244489 0 0
487 2.92210420841683 0 0
488 2.92809619238477 0 0
489 2.93408817635271 0 0
490 2.94008016032064 0 0
491 2.94607214428858 0 0
492 2.95206412825651 0 0
493 2.95805611222445 0 0
494 2.96404809619238 0 0
495 2.97004008016032 0 0
496 2.97603206412826 0 0
497 2.98202404809619 0 0
498 2.98801603206413 0 0
499 2.99400801603206 0 0
500 3 0 0
# Pair potential lj/cut/bump/smooth/linear for atom types 3 3: i,r,energy,force

g1g1_eps_10
N 500 R 0.01 3

1 0.01 5.14200105241965e+27 6.1704012629036e+30
2 0.0159919839679359 1.83782439702818e+25 1.37905920919869e+28
3 0.0219839679358717 4.03514530088276e+23 2.20259344226965e+26
4 0.0279759519038076 2.23724573703723e+22 9.59643801820006e+24
5 0.0339679358717435 2.17922603230389e+21 7.69864630178414e+23
6 0.0399599198396794 3.10196476904843e+20 9.31522820330768e+22
7 0.0459519038076152 5.80082884763808e+19 1.51484357353245e+22
8 0.0519438877755511 1.33265809662968e+19 3.07868699201766e+21
9 0.057935871743487 3.59551916906197e+18 7.44723929018805e+20
10 0.0639278557114229 1.10369865098605e+18 2.07177038372846e+20
11 0.0699198396793587 3.76640549562596e+17 6.46409748335606e+19
12 0.0759118236472946 1.40416797549642e+17 2.21968264106868e+19
13 0.0819038076152305 5.6426492479287e+16 8.26723360449657e+18
14 0.0878957915831663 2.4183278582296e+16 3.3016295587154e+18
15 0.0938877755511022 1.0960328309859e+16 1.40086331094294e+18
16 0.0998797595190381 5.21677734349167e+15 6.2676691150874e+17
17 0.105871743486974 2.59281407174479e+15 2.93881710354493e+17
18 0.11186372745491 1.33924710219473e+15 1.43665562831219e+17
19 0.117855711422846 716018998114947 7.29046388604234e+16
20 0.123847695390782 394890779944418 3.8262233461747e+16
21 0.129839679358717 223997376063996 2.07022120112892e+16
22 0.135831663326653 130352663816211 1.15159600553375e+16
23 0.141823647294589 77651228368081.7 6.57023558222714e+15
24 0.147815631262525 47259353055119.2 3.83661902266127e+15
25 0.153807615230461 29335807569383.5 2.2887664623001e+15
26 0.159799599198397 18544873233152 1.39260984542946e+15
27 0.165791583166333 11922911962970.5 862980821620792
28 0.171783567134269 7786685996167.52 543941682559412
29 0.177775551102204 5160213098396.62 348318795340490
30 0.18376753507014 3466622353497.43 226370100091141
31 0.189759519038076 2358789203086.28 149164987393529
32 0.195751503006012 1624316597135.19 99574223965771
33 0.201743486973948 1131195391366.23 67285189405568.2
34 0.207735470941884 796166585825.21 45991194342268
35 0.21372745490982 565989046130.916 31778188774563.4
36 0.219719438877756 406171975537.037 22183135683313.8
37 0.225711422845691 294096050869.828 15635693682882.3
38 0.231703406813627 214754629863.712 11122224538441.3
39 0.237695390781563 158081972751.938 7980740289287.94
40 0.243687374749499 117255981764.414 5774091013268.02
41 0.249679358717435 87607149688.5721 4210547979796.33
42 0.255671342685371 65909264462.9787 3093472031164.17
43 0.261663326653307 49913339748.1984 2289051860759.44
44 0.267655310621243 38038236628.0979 1705400795436.73
45 0.273647294589178 29163298733.9445 1278873351796.82
46 0.279639278557114 22488073566.4094 965019840009.042
47 0.28563126252505 17436575993.93 732550811001.476
48 0.291623246492986 13591397680.1515 559273708522.162
49 0.297615230460922 10647990862.9467 429333813763.574
50 0.303607214428858 8382703681.16413 331325432419.124
51 0.309599198396794 6630264551.09358 256988661515.228
52 0.315591182364729 5267809375.03681 200303403424.478
53 0.321583166332665 4203472793.12947 156854975086.956
54 0.327575150300601 3368185802.85891 123386800940.513
55 0.333567134268537 2709741347.79124 97482906335.4519
56 0.339559118236473 2188474669.06622 77341093605.7619
57 0.345551102204409 1774100626.21872 61609895644.2472
58 0.351543086172345 1443385037.41402 49270673487.6246
59 0.357535070140281 1178420770.89852 39551866922.7579
60 0.363527054108217 965344831.520153 31866282707.7332
61 0.369519038076152 793378789.101591 25764984674.3871
62 0.375511022044088 654107537.789204 20903214666.1888
63 0.381503006012024 540934623.684162 17015078878.465
64 0.38749498997996 448669030.036755 13894653805.9428
65 0.393486973947896 373210302.340204 11381817522.036
66 0.399478957915832 311307579.335861 9351576170.67766
67 0.405470941883768 260374415.884036 7705988019.62222
68 0.411462925851703 218345906.272655 6368026816.5848
69 0.417454909819639 183568014.048718 5276899440.31138
70 0.423446893787575 154711523.270922 4384458840.41654
71 0.429438877755511 130704887.091751 3652445336.72275
72 0.435430861723447 110681636.152901 3050356947.16828
73 0.441422845691383 93939046.7997492 2553799264.34708
74 0.447414829659319 79905548.692422 2143202324.68147
75 0.453406813627255 68114939.5154775 1802819379.557
76 0.45939879759519 58185919.9264369 1519942991.85652
77 0.465390781563126 49805800.5432825 1284289265.07924
78 0.471382765531062 42717491.2071779 1087512593.76556
79 0.477374749498998 36709080.6870362 922822076.181934
80 0.483366733466934 31605467.1173638 784677368.82858
81 0.48935871743487 27261616.7818657 668546815.905379
82 0.495350701402806 23557119.6377678 570714547.366666
83 0.501342685370741 20391780.4518036 488126198.379388
84 0.507334669338677 17682039.3043716 418265178.870789
85 0.513326653306613 15358058.0947824 359053177.893537
86 0.519318637274549 13361343.2766674 308769946.783089
87 0.525310621242485 11642801.4547693 265988460.453205
88 0.531302605210421 10161145.282693 229522378.083342
89 0.537294589178357 8881583.54697143 198383366.431068
90 0.543286573146293 7774742.35634219 171746351.888589
91 0.549278557114228 6815774.71208809 148921162.440661
92 0.555270541082164 5983623.98691749 129329331.854502
93 0.5612625250501 5260413.43094096 112485084.20412
94 0.567254509018036 4630939.10118954 97979711.4582509
95 0.573246492985972 4082247.84780048 85468711.3823803
96 0.579238476953908 3603285.39902144 74661175.9940068
97 0.585230460921844 3184602.33666732 65311018.9421106
98 0.59122244488978 2818107.97629179 57209708.6689796
99 0.597214428857715 2496863.96709742 50180237.1357511
100 0.603206412825651 2214910.88878234 44072104.4549976
101 0.609198396793587 1967122.31232642 38757140.4946344
102 0.615190380761523 1749081.76193243 34126017.3853424
103 0.621182364729459 1556978.80812071 30085333.450609
104 0.627174348697395 1387521.17108794 26555170.6303753
105 0.633166332665331 1237860.24597241 23467044.9760877
106 0.639158316633267 1105527.89940797 20762184.0449504
107 0.645150300601202 988382.747254833 18390076.6434471
108 0.651142284569138 884564.420850645 16307249.8679396
109 0.657134268537074 792454.575006841 14476236.1666543
110 0.66312625250501 710643.594590808 12864699.5266113
111 0.669118236472946 637902.125447537 11444695.1317937
112 0.675110220440882 573156.695781769 10192041.1554092
113 0.681102204408818 515468.810966156 9085784.90944234
114 0.687094188376754 464017.00216693 8107748.51644948
115 0.693086172344689 418081.390546406 7242141.70339032
116 0.699078156312625 377030.39686761 6475231.33596156
117 0.705070140280561 340309.283355003 5795058.9883257
118 0.711062124248497 307430.262520735 5191199.23759948
119 0.717054108216433 277963.947884961 4654552.5342693
120 0.723046092184369 251531.95537071 4177167.4691778
121 0.729038076152305 227800.492688732 3752088.0679704
122 0.735030060120241 206474.798115523 3373222.42208564
123 0.741022044088176 187294.310430573 3035229.53388954
124 0.747014028056112 170028.469016816 2733421.73083179
125 0.753006012024048 154473.057741024 2463680.4047611
126 0.758997995991984 140447.018635047 2222383.17036902
127 0.76498997995992 127789.671942224 2006340.82155748
128 0.770981963927856 116358.288066806 1812742.7049959
129 0.776973947895792 106025.964611562 1639109.33342894
130 0.782965931863728 96679.7682140662 1483251.23339407
131 0.788957915831663 88219.1064671029 1343233.16788684
132 0.794949899799599 80554.2999774756 1217342.99832597
133 0.800941883767535 73605.3287017554 1104064.55539109
134 0.806933867735471 67300.7301995708 1002053.97783692
135 0.812925851703407 61576.630451501 910119.054663693
136 0.818917835671343 56375.8904725549 827201.171084279
137 0.824909819639279 51647.354175556 752359.514290739
138 0.830901803607215 47345.184853945 684757.242528986
139 0.83689378757515 43428.2793051144 623649.36165488
140 0.842885771543086 39859.750041211 568372.088193979
141 0.848877755511022 36606.4672665891 518333.507825552
142 0.854869739478958 33638.6533671605 473005.363890906
143 0.860861723446894 30929.5235801527 431915.832606416
144 0.86685370741483 28454.9673131953 394643.160667471
145 0.872845691382766 26193.2652762637 360810.057306608
146 0.878837675350701 24124.8381934032 330078.746995709
147 0.884829659318637 22232.0233858273 302146.601180077
148 0.890821643286573 20498.8759746531 276742.27797568
149 0.896813627254509 18910.9918493911 253622.30788331
150 0.902805611222445 17455.3498952481 232568.071474252
151 0.908797595190381 16120.1712751411 213383.121851581
152 0.914789579158317 14894.7938268804 195890.810635003
153 0.920781563126253 13769.559867342 179932.18137995
154 0.926773547094188 12735.7158979274 165364.098830208
155 0.932765531062124 11785.322882994 152057.586309436
156 0.93875751503006 10911.175928453 139896.346959157
157 0.944749498997996 10106.7323242066 128775.447496892
158 0.950741482965932 9366.04703395081 118600.145756248
159 0.956733466933868 8683.71482122741 109284.845531124
160 0.962725450901804 8054.81829328932 100752.164221967
161 0.96871743486974 7474.88122594838 92932.1005105409
162 0.974709418837675 6939.82660447739 85761.2908031769
163 0.980701402805611 6445.93887904811 79182.3445087417
164 0.986693386773547 5989.82998914899 73143.2493808541
165 0.992685370741483 5568.40876085293 67596.8391748934
166 0.998677354709419 5178.85332449563 62500.3167673378
167 1.00466933867735 4818.58623897137 57814.8266735478
168 1.01066132264529 4485.25204306464 53505.0715939602
169 1.01665330661323 4176.69698454469 49538.9682296297
170 1.02264529058116 3890.95070461847 45887.3381464369
171 1.0286372745491 3626.2096791766 42523.6299421006
172 1.03462925851703 3380.82223942956 39423.6693891502
173 1.04062124248497 3153.27501333489 36565.4345971226
174 1.04661322645291 2942.18064593228 33928.8535643377
175 1.05260521042084 2746.26667157579 31495.6217789325
176 1.05859719438878 2564.3654242934 29249.0377849137
177 1.06458917835671 2395.40488429862 27173.8548558015
178 1.07058116232465 2238.400369195 25256.1471194867
179 1.07657314629259 2092.44698779408 23483.188656238
180 1.08256513026052 1956.71278284038 21843.3442500691
181 1.08855711422846 1830.43249641575 20325.9706142446
182 1.09454909819639 1712.90189847949 18921.3270366394
183 1.10054108216433 1603.47262497892 17620.4945017755
184 1.10653306613226 1501.54747731404 16415.3024452406
185 1.1125250501002 1406.57613973059 15298.2623842449
186 1.11851703406814 1318.0512755072 14262.5077465339
187 1.12450901803607 1235.50496665034 13301.7392898316
188 1.13050100200401 1158.50546526206 12410.1755664066
189 1.13649298597194 1086.65422784363 11582.5079430705
190 1.14248496993988 1019.5832065805 10813.8597366955
191 1.14847695390782 956.952374154073 10099.7490698236
192 1.15446893787575 898.447460873872 9436.05509073208
193 1.16046092184369 843.777884945946 8818.98723792338
194 1.16645290581162 792.674858513716 8245.05726089063
195 1.17244488977956 744.889653746902 7711.05373757362
196 1.1784368737475 700.192014731513 7214.01885452569
197 1.18442885771543 658.368702245823 6751.22723877819
198 1.19042084168337 619.222159708774 6320.166651001
199 1.1964128256513 582.569289671696 5918.52036806484
200 1.20240480961924 548.240331203528 5544.15109973978
201 1.20839679358717 516.077829404465 5195.08629921079
202 1.21438877755511 485.935689082815 4869.50474053604
203 1.22038076152305 457.678305353125 4565.72424827049
204 1.22637274549098 431.179764568248 4282.19047537046
205 1.23236472945892 406.323109590534 4017.46663530655
206 1.23835671342685 382.999663944096 3770.22410315672
207 1.24434869739479 361.108409876455 3539.23380842539
208 1.25034068136273 340.555415798863 3323.35834953033
209 1.25633266533066 321.253308974604 3121.5447663933
210 1.2623246492986 303.120789687558 2932.8179134361
211 1.26831663326653 286.082183452936 2756.27438058384
212 1.27430861723447 270.067028131402 2591.07691466766
213 1.2803006012024 255.009693079937 2436.4492979531
214 1.28629258517034 240.849027720094 2291.67164444075
215 1.29228456913828 227.528037129334 2156.07607813578
216 1.29827655310621 214.993582465832 2029.0427606978
217 1.30426853707415 203.196104223576 1909.99623879597
218 1.31026052104208 192.089366484338 1798.40208413505
219 1.31625250501002 181.630220487789 1693.76380151373
220 1.32224448897796 171.778385982055 1595.61998244981
221 1.32823647294589 162.496248945613 1503.54168388011
222 1.33422845691383 153.748674388768 1417.13001323491
223 1.34022044088176 145.502833050027 1336.01390281457
224 1.3462124248497 137.728040900505 1259.84805787643
225 1.35220440881764 130.395610458808 1188.31106418547
226 1.35819639278557 123.478713000496 1121.10364200692
227 1.36418837675351 116.952250820837 1057.94703463324
228 1.37018036072144 110.792738777858 998.581520552621
229 1.37617234468938 104.978194405137 942.765039290489
230 1.38216432865731 99.488035940942 890.271921797794
231 1.38815631262525 94.3029876726994 840.89171702768
232 1.39414829659319 89.4049920436959 794.428107042592
233 1.40014028056112 84.7771280128806 750.697903632774
234 1.40613226452906 80.4035351989102 709.530120010416
235 1.41212424849699 76.2693433765277 670.765111676261
236 1.41811623246493 72.3606069272497 634.253781041959
237 1.42410821643287 68.6642438774528 599.856840836072
238 1.4301002004008 65.1679791854984 567.444131728032
239 1.43609218436874 61.8602919657652 536.893989976034
240 1.44208416833667 58.7303663615577 508.092661244921
241 1.44807615230461 55.7680458010005 480.933757051309
242 1.45406813627255 52.963790390396 455.317750578157
243 1.46006012024048 50.3086372182451 431.151508861975
244 1.46605210420842 47.7941633603651 408.347858594939
245 1.47204408817635 45.4124513923932 386.825183003395
246 1.47803607214429 43.1560572305669 366.507047465155
247 1.48402805611222 41.017980135118 347.32185171231
248 1.49002004008016 38.9916347230051 329.202506635408
249 1.4960120240481 37.0708248481285 312.086133860087
250 1.50200400801603 35.2497192176939 295.91378640974
251 1.50799599198397 33.5228286231028 280.630188898765
252 1.5139879759519 31.8849846726983 266.183495821182
253 1.51997995991984 30.3313199219623 252.525066609985
254 1.52597194388778 28.8572493043844 239.609256244254
255 1.53196392785571 27.4584527732723 227.393220274519
256 1.53795591182365 26.1308590712748 215.836733222923
257 1.54394789579158 24.8706305504037 204.90201939386
258 1.54993987975952 23.6741489708972 194.553595203681
259 1.55593186372746 22.5380022124033 184.758122205172
260 1.56192384769539 21.4589718357161 175.484270044341
261 1.56791583166333 20.4340214376889 166.702588644049
262 1.57390781563126 19.4602857460219 158.385388961553
263 1.5798997995992 18.5350604043808 150.506631715443
264 1.58589178356713 17.6557924017938 143.041823522181
265 1.59188376753507 16.8200711035035 135.967919923633
266 1.59787575150301 16.025619843438 129.26323482507
267 1.60386773547094 15.270288041244 122.907355898231
268 1.60985971943888 14.5520438093899 116.881065536476
269 1.61585170340681 13.8689670182348 111.166266979065
270 1.62184368737475 13.2192427891649 105.745915249246
271 1.62783567134269 12.6011553879565 100.603952576497
272 1.63382765531062 12.0130824924222 95.7252479968719
273 1.63981963927856 11.4534898101676 91.0955408473689
274 1.64581162324649 10.9209260239268 86.7013878904288
275 1.65180360721443 10.4140180434671 82.5301138234627
276 1.65779559118236 9.9314665444708 78.5697649456397
277 1.6637875751503 9.47204177611881 74.8090657702378
278 1.66977955911824 9.03457962032191 71.2373783857449
279 1.67577154308617 8.61797788668476 67.8446643826819
280 1.68176352705411 8.22119282834502 64.6214491758988
281 1.68775551102204 7.84323586481411 61.5587885639394
282 1.69374749498998 7.48317049886219 58.64823737805
283 1.69973947895792 7.14010941534238 55.881820083598
284 1.70573146292585 6.81321175064248 53.2520032061095
285 1.71172344689379 6.5016805221923 50.7516694629119
286 1.71771543086172 6.2047602081426 48.3740934895006
287 1.72370741482966 5.92173446797293 46.1129190573073
288 1.7296993987976 5.65192399538451 43.9621376865714
289 1.73569138276553 5.39468449539011 41.9160685645271
290 1.74168336673347 5.14940477803381 39.9693396851838
291 1.7476753507014 4.91550496165719 38.1168701326051
292 1.75366733466934 4.69243477908115 36.3538534348248
293 1.75965931863727 4.47967198049407 34.6757419204092
294 1.76565130260521 4.27672082723078 33.0782320141973
295 1.77164328657315 4.08311067099442 31.5572504129687
296 1.77763527054108 3.89839461341634 30.1089410857013
297 1.78362725450902 3.7221482411696 28.7296530467352
298 1.78961923847695 3.55396843215131 27.4159288535527
299 1.79561122244489 3.39347222852856 26.1644937840472
300 1.80160320641283 3.24029577270419 24.9722456511029
301 1.80759519038076 3.09409330250322 23.8362452150488
302 1.8135871743487 2.95453620210915 22.7537071571113
303 1.81957915831663 2.82131210549308 21.7219915793735
304 1.82557114228457 2.69412404927872 20.7385959989729
305 1.83156312625251 2.57268967217307 19.8011478063406
306 1.83755511022044 2.45674045826802 18.9073971592236
307 1.84354709418838 2.34602102168174 18.0552102860312
308 1.84953907815631 2.24028843016226 17.2425631737333
309 1.85553106212425 2.13931156541915 16.4675356171106
310 1.86152304609218 2.04287051808414 15.7283056076219
311 1.86751503006012 1.95075601532709 15.0231440415251
312 1.87350701402806 1.8627688792724 14.3504097281708
313 1.87949899799599 1.77871951447121 13.7085446805788
314 1.88549098196393 1.69842742278883 13.0960696715284
315 1.89148296593186 1.62172074416404 12.5115800394379
316 1.8974749498998 1.54843582178817 11.9537417292825
317 1.90346693386774 1.47841679033754 11.4212875547156
318 1.90945891783567 1.41151518597311 10.9130136684108
319 1.91545090180361 1.34758957689652 10.4277762284405
320 1.92144288577154 1.28650521332263 9.96448824925574
321 1.92743486973948 1.22813369579476 9.52211662652856
322 1.93342685370742 1.17235266083151 9.09967932577682
323 1.93941883767535 1.11904548295237 8.69624272529993
324 1.94541082164329 1.06810099218449 8.31091910453104
325 1.95140280561122 1.01941320620449 7.94286426944723
326 1.95739478957916 0.972881076317906 7.59127530718323
327 1.96338677354709 0.928408246524388 7.2553884624658
328 1.96937875751503 0.885902824959744 6.93447712892866
329 1.97537074148297 0.845277167046192 6.6278499487811
330 1.9813627254509 0.806447669720175 6.33484901469364
331 1.98735470941884 0.769334576142691 6.05484816812677
332 1.99334669338677 0.733861790330715 5.78725138867193
333 1.99933867735471 0.699956701179834 5.53149126929358
334 2.00533066132265 0.667550015377917 5.28702757266246
335 2.01132264529058 0.636575598737652 5.05334586405222
336 2.01731462925852 0.606970325502054 4.82995621653663
337 2.02330661322645 0.578673935201888 4.61639198447331
338 2.02929859719439 0.551628896667265 4.41220864149331
339 2.03529058116232 0.525780278817668 4.21698267943553
340 2.04128256513026 0.501075627875383 4.03031056487065
341 2.0472745490982 0.477464850666829 3.85180775005306
342 2.05326653306613 0.45490010369465 3.68110773532094
343 2.05925851703407 0.433335687680828 3.5178611801359
344 2.065250501002 0.412727947297342 3.36173506011376
345 2.07124248496994 0.393035175816374 3.21241186754977
346 2.07723446893788 0.374217524426549 3.0695888530829
347 2.08322645290581 0.356236915975459 2.93297730627823
348 2.08921843687375 0.339056962911562 2.80230187303123
349 2.09521042084168 0.322642889210851 2.67729990781698
350 2.10120240480962 0.306961456085122 2.55772085891761
351 2.10719438877755 0.291980891279563 2.44332568486684
352 2.11318637274549 0.277670821777654 2.33388630044842
353 2.11917835671343 0.264002209741032 2.22918505067854
354 2.12517034068136 0.250947291521131 2.12901421128929
355 2.1311623246493 0.238479519588028 2.03317551431281
356 2.13715430861723 0.226573507230116 1.94147969744325
357 2.14314629258517 0.215204975885877 1.8537460759265
358 2.14913827655311 0.204350704976365 1.76980213579678
359 2.15513026052104 0.193988484113862 1.68948314734377
360 2.16112224448898 0.184097067568656 1.6126317977552
361 2.16711422845691 0.174656130882089 1.53909784193752
362 2.17310621242485 0.165646229519774 1.46873777057148
363 2.17909819639279 0.157048759464438 1.40141449451068
364 2.18509018036072 0.148845919652979 1.33699704467976
365 2.19108216432866 0.141020676167309 1.27536028667406
366 2.19707414829659 0.133556728093155 1.2163846493059
367 2.20306613226453 0.126438474965415 1.1599558663833
368 2.20905811623247 0.119650985722829 1.10596473104481
369 2.2150501002004 0.113179969098654 1.05430686201089
370 2.22104208416834 0.107011745377779 1.00488248114595
371 2.22703406813627 0.101133219454238 0.95759620175755
372 2.23302605210421 0.0955318551264251 0.91235682708986
373 2.23901803607214 0.0901956505704816 0.869077158496941
374 2.24501002004008 0.0851131149353263 0.827673812808779
375 2.25100200400802 0.0802732460056478 0.788067048428633
376 2.25699398797595 0.0756655088818514 0.750180599724395
377 2.26298597194389 0.0712798156285252 0.713941519299739
378 2.26897795591182 0.0671065058453905 0.679280027752373
379 2.27496993987976 0.0631363281170023 0.646129370547237
380 2.2809619238477 0.0593604222996328 0.614425681651852
381 2.28695390781563 0.0557703026058283 0.584107853599302
382 2.29294589178357 0.0523578414490868 0.555117413661691
383 2.2989378757515 0.0491152540129506 0.527398405833261
384 2.30492985971944 0.046035083510563 0.500897278337855
385 2.31092184368737 0.0431101871024084 0.475562776390093
386 2.31691382765531 0.0403337224415293 0.451345839953472
387 2.32290581162325 0.037699134817016 0.428199506251751
388 2.32889779559118 0.0352001448679855 0.406078816802391
389 2.33488977955912 0.0328307368416184 0.384940728752626
390 2.34088176352705 0.0305851473700994 0.364744030309822
391 2.34687374749499 0.0284578547425284 0.345449260068373
392 2.35286573146293 0.0264435686490211 0.327018630045379
393 2.35885771543086 0.0245372203753131 0.309415952246766
394 2.3648496993988 0.0227339534272281 0.292606568594535
395 2.37084168336673 0.0210291145653534 0.276557284054268
396 2.37683366733467 0.0194182452312106 0.261236302810113
397 2.38282565130261 0.017897073347098 0.246613167342059
398 2.38881763527054 0.0164615054726334 0.232658700267571
399 2.39480961923848 0.0151076193018252 0.219344948816486
400 2.40080160320641 0.0138316564852756 0.206645131814605
401 2.40679358717435 0.0126300157628358 0.194533589057532
402 2.41278557114228 0.0114992463927352 0.182985732962183
403 2.41877755511022 0.0104360418638578 0.171978002388936
404 2.42476953907816 0.00943723387846856 0.161487818532628
405 2.43076152304609 0.00849978659328382 0.151493542785603
406 2.43675350701403 0.00762079110734923 0.141974436480758
407 2.44274549098196 0.00679746018572353 0.13291062242701
408 2.4487374749499 0.00602712320848033 0.124283048153873
409 2.45472945891784 0.00530722133502608 0.116073450785879
410 2.46072144288577 0.00463530287419622 0.108264323471429
411 2.46671342685371 0.00400901885103214 0.100838883294287
412 2.47270541082164 0.00342611876156135 0.0937810405993996
413 2.47869739478958 0.00288444650730281 0.0870753696680225
414 2.48468937875752 0.002381936501599 0.0807070806802427
415 2.49068136272545 0.00191660994023913 0.0746619929059521
416 2.49667334669339 0.00148657122918194 0.068926509068161
417 2.50266533066132 0.00109000456251476 0.0634875908251956
418 2.50865731462926 0.00072517064409866 0.0583327353208861
419 2.51464929859719 0.000390403546646073 0.0534499527542558
420 2.52064128256513 8.41077022621928e-05 0.0488277449225299
421 2.52663326653307 -0.000195244981249468 0.0444550846934547
422 2.532625250501 -0.000449117883758877 0.0403213963650067
423 2.53861723446894 -0.000678912321055609 0.0364165368725365
424 2.54460921843687 -0.000885970082931578 0.0327307778052702
425 2.55060120240481 -0.00107157586584103 0.0292547881958799
426 2.55659318637275 -0.00123695960466491 0.02597961804853
427 2.56258517034068 -0.00138329870790563 0.0228966825724186
428 2.56857715430862 -0.00151172020044395 0.0199977470893734
429 2.57456913827655 -0.00162330277780693 0.0172749125855211
430 2.58056112224449 -0.00171907877571948 0.0147206018784404
431 2.58655310621242 -0.00180003605854527 0.012327546372529
432 2.59254509018036 -0.00186711983006329 0.0100887733765814
433 2.5985370741483 -0.00192123436987342 0.00799759395876545
434 2.60452905811623 -0.00196324469857996 0.00604759131533
435 2.61052104208417 -0.00199397817476329 0.00423260963046537
436 2.6165130260521 -0.00201422602661734 0.00254674340576713
437 2.62250501002004 -0.00202474482100456 0.000984327238741353
438 2.62849699398798 -0.00202625787256026 -0.000460073969270336
439 2.63448897795591 -0.00201945659536232 -0.00179167439447842
440 2.64048096192385 -0.00200500179957359 -0.00301547627922384
441 2.64647294589178 -0.00198352493535854 -0.00413627854481682
442 2.65246492985972 -0.00195562928627717 -0.00515868504493107
443 2.65845691382766 -0.00192189111426224 -0.00608711247511501
444 2.66444889779559 -0.00188286075819621 -0.00692579795327755
445 2.67044088176353 -0.00183906368801564 -0.00767880628534083
446 2.67643286573146 -0.00179100151618984 -0.0083500369296113
447 2.6824248496994 -0.00173915296833875 -0.00894323067281726
448 2.68841683366733 -0.00168397481468113 -0.00946197603017931
449 2.69440881763527 -0.00162590276393097 -0.00990971538132922
450 2.70040080160321 -0.00156535232119014 -0.0102897508533668
451 2.70639278557114 -0.00150271961132114 -0.0106052499618416
452 2.71238476953908 -0.00143838216921785 -0.0108592510199685
453 2.71837675350701 -0.00137269969833437 -0.0110546683259294
454 2.72436873747495 -0.00130601479877297 -0.0111942971376774
455 2.73036072144289 -0.0012386536661768 -0.0112808184442455
456 2.73635270541082 -0.00117092676262137 -0.0113168035421642
457 2.74234468937876 -0.00110312946064744 -0.011304718425215
458 2.74833667334669 -0.00103554266153002 -0.0112469279953864
459 2.75432865731463 -0.000968433388832114 -0.0111457001025534
460 2.76032064128256 -0.000902055358248126 -0.0110032094200736
461 2.7663126252505 -0.000836649524698974 -0.0108215411631797
462 2.77230460921844 -0.000772444607600909 -0.0106026946567466
463 2.77829659318637 -0.000709657595192339 -0.0103485867587297
464 2.78428857715431 -0.000648494228764182 -0.0100610551452917
465 2.79028056112224 -0.000589149467606249 -0.00974186146338153
466 2.79627254509018 -0.00053180793544625 -0.00939269435627317
467 2.80226452905812 -0.000476644349127687 -0.00901517236734119
468 2.80825651302605 -0.000423823930240029 -0.00861084672711689
469 2.81424849699399 -0.000373502800386963 -0.00818120402845571
470 2.82024048096192 -0.000325828360748249 -0.00772766879443768
471 2.82623246492986 -0.000280939656565293 -0.00725160594342557
472 2.8322244488978 -0.000238967727153728 -0.00675432315551561
473 2.83821643286573 -0.000200035942021191 -0.00623707314443549
474 2.84420841683367 -0.000164260323645683 -0.00570105583877047
475 2.8502004008016 -0.00013174985744649 -0.00514742047623562
476 2.85619238476954 -0.000102606789457545 -0.00457726761455128
477 2.86218436873747 -7.69269121933228e-05 -0.00399165106233146
478 2.86817635270541 -5.47998391759123e-05 -0.0033915797332473
479 2.87416833667335 -3.63092685744869e-05 -0.00277801942659292
480 2.88016032064128 -2.15332363883345e-05 -0.00215189453724683
481 2.88615230460922 -1.05443595880439e-05 -0.00151408969789761
482 2.89214428857715 -3.4100696130546e-06 -0.000865451356281299
483 2.89813627254509 -1.92836605932277e-07 -0.000206789290062584
484 2.90412825651303 0 0
485 2.91012024048096 0 0
486 2.9161122244489 0 0
487 2.92210420841683 0 0
488 2.92809619238477 0 0
489 2.93408817635271 0 0
490 2.94008016032064 0 0
491 2.94607214428858 0 0
492 2.95206412825651 0 0
493 2.95805611222445 0 0
494 2.96404809619238 0 0
495 2.97004008016032 0 0
496 2.97603206412826 0 0
497 2.98202404809619 0 0
498 2.98801603206413 0 0
499 2.99400801603206 0 0
500 3 0 0
